1000000000	999999	499	0	46.4158883361	0.5000000000	0.0010000000
0
-17.3122787227 4.7702593876 -2.1305551916
0.1541586422 -0.9825354645 -0.1042073615
-0.0920643850 0.0907251558 -0.9916113629
0.9837475601 0.1624592480 -0.0764704564
1
-2.4810199563 -19.5931897964 2.1878173164
0.1596964666 -0.8046748328 0.5718351616
-0.4750852742 -0.5704221552 -0.6700093636
0.8653271178 -0.1646723365 -0.4733835663
2
7.0262233408 -17.2459530992 12.0588487612
-0.4854482685 0.1910342930 -0.8531388383
0.1333279381 0.9805974301 0.1437092236
0.8640391424 -0.0439838485 -0.5014995329
3
-17.2347719272 4.6246509106 -0.7951204483
-0.1600856472 0.9773554908 0.1383792980
0.0503958906 -0.1319120971 0.9899795214
0.9858158244 0.1654552604 -0.0281374670
4
-19.0172722628 15.0268637917 7.1623008056
0.1322915771 -0.9787510994 -0.1566691548
0.7982489845 0.0114969478 0.6022178831
-0.5876201982 -0.2047293474 0.7828080205
5
18.7569406936 -10.8535208688 -0.3858814994
0.4175899701 0.7801127243 -0.4658784758
0.9048412200 -0.3102185696 0.2915935626
0.0829516942 -0.5433125955 -0.8354223123
6
-7.2304350009 7.1762511956 14.7579978314
-0.0001603713 0.5818498051 -0.8132962428
-0.2251696576 -0.7924314666 -0.5668782904
-0.9743195572 0.1830387254 0.1311420046
7
-6.0378667830 1.3961769987 12.7484978599
0.2907264218 0.2511180766 -0.9232647829
0.9567909296 -0.0708455247 0.2820142350
0.0054096942 -0.9653603593 -0.2608641640
8
19.5448754079 10.8404602679 -14.1317399246
0.5918565204 0.6153803822 -0.5205889401
-0.5053324050 0.7864548054 0.3551450400
0.6279689640 0.0528755536 0.7764400531
9
11.1376428890 -6.2075482117 -6.0076971833
0.0197443724 0.9990840697 -0.0379628949
0.2175703379 0.0327668169 0.9754944816
0.9758449199 -0.0275201260 -0.2167240984
10
-5.0086574361 12.6669364598 11.7398261393
-0.7925466434 0.2825091453 0.5404242787
-0.2831703983 0.6143789434 -0.7364462230
-0.5400780904 -0.7367001403 -0.4069257422
11
-7.2411603002 21.2640480021 -16.7635423900
0.8529083790 0.5100821301 -0.1111913560
-0.0798730474 -0.0829807496 -0.9933451019
-0.5159143276 0.8561135531 -0.0300331624
12
2.8818589964 -18.0247006514 6.5500408768
-0.0266738537 -0.9502693706 0.3102847543
-0.9390064233 0.1302793592 0.3182675379
-0.3428635918 -0.2828699556 -0.8957840955
13
14.4938190354 12.2642394681 6.5578436358
-0.4443960062 0.5165613223 -0.7318993031
-0.4750851990 0.5567536955 0.6814098445
0.7594776120 0.6505303395 -0.0020084802
14
4.1632774778 -0.7994694119 -15.0616772117
-0.2345466326 0.8534612043 0.4653942951
-0.9699755062 -0.1737991907 -0.1701216000
-0.0643070338 -0.4913225155 0.8686004785
15
-13.1643758293 3.6393476247 -22.3471627044
-0.8710840989 0.1372433308 -0.4715684053
0.2443798556 -0.7117405046 -0.6585620248
-0.4260175804 -0.6889047266 0.5864463307
16
-9.1073399886 4.8067698706 11.8875261633
0.4727864428 0.0289483214 -0.8807014103
-0.7844159905 -0.4415149608 -0.4356100242
-0.4014530277 0.8967867829 -0.1860347616
17
16.1620392589 -9.9362402725 -1.2843875010
-0.4397701493 -0.7685922506 0.4646161515
0.8941528905 -0.3261802662 0.3067524122
-0.0842189069 0.5503384289 0.8306833267
18
17.4351626398 -15.5800019274 6.5634509119
0.8530631202 0.4157535002 0.3153289395
-0.4610224837 0.3174453843 0.8286656126
0.2444209126 -0.8522778039 0.4624726613
19
16.0438382881 -2.7190710904 -20.9435659536
-0.3460151746 -0.2375928686 0.9076470282
-0.9378555342 0.0602985410 -0.3417471037
0.0264668832 -0.9694914722 -0.2436919968
20
-23.1267291576 15.1848318752 -7.5998433387
-0.9341603564 0.3202635894 0.1574028647
-0.1827641107 -0.8082234833 0.5597964639
0.3064991165 0.4941720697 0.8135430272
21
-14.4425813956 -20.5342394904 -1.1142755931
0.7291274631 -0.3146649075 -0.6077492399
0.3639665248 -0.5737479983 0.7337176591
-0.5795701091 -0.7561740742 -0.3038079296
22
7.7079459466 -7.3720816280 1.9425145699
-0.3048597911 -0.8400825697 -0.4486889612
-0.3051671549 0.5324396255 -0.7895448390
0.9021826395 -0.1037753409 -0.4186850408
23
3.7203660465 -4.3140845870 -14.1528249395
-0.8580316269 -0.1661076739 -0.4859937941
-0.4547885898 -0.1939427050 0.8692258427
-0.2386400339 0.9668476963 0.0908651000
24
4.8072195782 -5.2326206883 0.5215623220
0.1623583841 -0.8718575233 -0.4620651623
0.8941965989 0.3279941237 -0.3046839299
0.4171956346 -0.3637091062 0.8328646280
25
-15.2385892453 12.4225598837 -17.2519459102
0.6181435865 -0.0966660339 0.7800988298
-0.7731245398 0.1045684960 0.6255748361
-0.1420455997 -0.9898086217 -0.0100965378
26
5.0108663465 3.4043695278 -21.7101015071
-0.0918891807 -0.3384948212 0.9364708401
-0.9896972290 0.1347446484 -0.0484073823
-0.1097987858 -0.9312707102 -0.3473889620
27
6.2243358409 -13.3875208144 2.9416506451
-0.7615948136 -0.5545991842 0.3352507789
-0.6024782328 0.7965029603 -0.0510197333
-0.2387327353 -0.2408376611 -0.9407464600
28
-3.9801328634 -23.1899920610 11.7455406689
-0.1813628123 0.9696975191 -0.1636894976
0.1315663798 -0.1410283870 -0.9812243789
-0.9745757117 -0.1994936474 -0.1020022871
29
6.2815560458 -20.7268208663 7.1344106369
-0.4418529341 0.0061419592 -0.8970664752
-0.7185509872 -0.6010974356 0.3498090217
-0.5370758451 0.7991521439 0.2700099765
30
23.1871544032 -12.9279699034 4.5710646402
0.8132883835 -0.4967804666 -0.3029375729
-0.1815546273 0.2779829072 -0.9432727181
0.5528109283 0.8221524623 0.1358874768
31
21.6475904908 15.6307997283 -19.9815781334
0.3236921908 0.3701251634 -0.8707644510
0.0405663741 0.9140365801 0.4035981909
0.9452924071 -0.1659653390 0.2808518671
32
22.3895969796 13.5796843147 -1.6686982031
-0.2387927112 -0.9613102955 0.1373337429
-0.8752782204 0.2743222351 0.3982905323
-0.4205544886 -0.0250963581 -0.9069201150
33
-3.7650979649 -0.3503505211 -5.5783598220
0.2430946532 0.9348994058 0.2585886514
-0.3190592843 -0.1746849973 0.9314968195
0.9160273810 -0.3089470064 0.2558233465
34
15.8728409463 20.6189697166 -20.2490724563
-0.2043335903 0.9479017577 -0.2443973025
0.9221941156 0.2701420227 0.2767332661
0.3283379312 -0.1688358524 -0.9293485126
35
0.0831928926 -15.5505707863 -22.8477571911
0.4311359240 -0.1269001568 -0.8933186247
0.6361482870 0.7448697546 0.2012073699
0.6398727779 -0.6550308382 0.4018674273
36
12.2802287530 10.8687312918 6.8042063665
-0.5442328571 0.6816681173 -0.4890185836
0.8304268573 0.5205291640 -0.1985966366
0.1191714390 -0.5141769805 -0.8493645865
37
17.4939009293 -20.2642746941 -9.1607478342
-0.4976552786 -0.2699031380 -0.8243127560
0.1744490590 0.8997887211 -0.3999347238
0.8496509574 -0.3428302110 -0.4007002582
38
12.3831648945 9.4971888472 16.5891795294
-0.5169681572 -0.3542414632 0.7792669056
-0.7802683808 -0.1793718448 -0.5991719248
0.3520300818 -0.9177901323 -0.1836738808
39
16.5026993614 7.2503450917 11.1068107554
-0.0305086712 0.1785731645 0.9834535301
-0.5304065705 0.8310600346 -0.1673561739
-0.8471942463 -0.5267360287 0.0693618424
40
16.5664448882 -16.5660408771 -11.4805583670
-0.3253530384 -0.1550771634 0.9327896192
0.7445368940 0.5661135606 0.3538082105
-0.5829324264 0.8096088623 -0.0687260973
41
-14.2469059298 16.1273983756 19.5727746035
-0.6116241648 -0.1682980866 0.7730405132
0.6506918083 -0.6628064677 0.3705236254
0.4500178348 0.7296323323 0.5148986385
42
-21.6396827163 -16.5475641895 -16.7120823367
-0.0422027561 0.7939487057 0.6065182438
0.1176318481 0.6067854035 -0.7861133648
-0.9921601059 0.0381697114 -0.1190016699
43
8.7620799456 12.7964489641 16.1130329663
0.3708263378 0.8738959019 -0.3143147785
-0.3817088810 0.4519565085 0.8062466402
0.8466322445 -0.1790007466 0.5011712036
44
15.7008494800 8.4707889577 10.8562755571
-0.0437922512 0.1690887602 0.9846274575
-0.5650787031 0.8085752924 -0.1639879744
-0.8238739576 -0.5635734092 0.0601391250
45
-13.1484016472 8.2123445099 -5.8536196521
-0.9733910263 -0.1348746112 0.1852532028
0.0643159809 0.6151356552 0.7857935989
-0.2199394566 0.7767991792 -0.5900929340
46
-2.9657582460 13.4489149130 13.0677666063
-0.0950637979 -0.6446829509 -0.7585161614
0.8914016230 -0.3943167663 0.2234220989
-0.4431320580 -0.6549031841 0.6121566781
47
-21.5660272010 4.7105738330 0.5442955171
0.9085375752 0.1908665768 -0.3716576709
-0.0905160392 -0.7785054196 -0.6210766122
-0.4078802780 0.5979124196 -0.6900249397
48
15.2110812460 15.0014223982 -2.0449189406
-0.9829654178 0.0157099977 0.1831179493
0.1077392557 0.8564505466 0.5048610837
-0.1489001013 0.5159899776 -0.8435538530
49
0.4901424402 19.9169182633 17.6180387189
0.7863007355 -0.5211681065 0.3318357396
0.1847293829 0.7108283535 0.6786737854
-0.5895813840 -0.4723418852 0.6551999200
50
6.0478049810 10.1773113508 13.4316918917
0.1600799367 0.1523782085 0.9752719085
-0.7873492302 0.6156207947 0.0330488563
-0.5953617418 -0.7731700452 0.2185234029
51
4.3786846181 2.1582612903 21.2810289943
-0.3610512651 -0.0812771092 0.9289973172
0.8422575270 0.3992059173 0.3622663299
-0.4003051863 0.9132516997 -0.0756775445
52
16.5475850234 -6.8520019575 20.6438216562
-0.9009451270 -0.0368360163 0.4323667263
-0.1521621119 0.9599415531 -0.2352847346
-0.4063798344 -0.2777684693 -0.8704597106
53
22.2318416397 19.1407071824 14.5522333630
-0.7831404818 0.6198388072 0.0499083051
-0.5681411632 -0.7458262057 0.3477914452
0.2527975564 0.2440145974 0.9362426350
54
-5.1670995359 11.0460273912 -4.7820952983
-0.0875994487 -0.4009233653 0.9119138072
-0.5794706938 0.7651205257 0.2807210294
-0.8102715913 -0.5038363191 -0.2993474768
55
6.8349579016 7.8377104142 20.8657642204
0.0159656627 -0.5106377393 0.8596477168
0.0312320127 0.8595924605 0.5100248653
-0.9993846402 0.0187056433 0.0296722077
56
10.8830465249 -14.1422689945 10.6731476630
0.4206750530 -0.5576655947 -0.7155708101
-0.6463996131 0.3691909600 -0.6677316641
0.6365532499 0.7434427480 -0.2051653979
57
4.0269175395 -9.0662910995 10.7738688207
-0.4312249864 -0.2114612147 0.8771141122
0.8859338409 0.0847725738 0.4559987285
-0.1707812659 0.9737031197 0.1507845941
58
21.1316734404 1.8434760790 3.1219430872
0.7558701140 0.6352007545 0.1586832451
0.6506419784 -0.7017497473 -0.2901935699
-0.0729752474 0.3225946273 -0.9437199372
59
-0.4106622026 4.4928224680 -18.2702412979
-0.4893720919 0.1627976695 -0.8567449297
-0.0946418965 0.9667042890 0.2377514019
0.8669243722 0.1974328658 -0.4576706200
60
-16.6798136725 -20.9065171520 -0.9974972143
0.1042832286 -0.7217013788 -0.6843041195
-0.9100055907 -0.3468485683 0.2271252862
-0.4012665364 0.5990352164 -0.6929227781
61
4.9586434998 11.0334676015 13.5479246380
-0.2302723564 -0.0988458342 -0.9680930445
-0.7716613459 0.6246551929 0.1197691828
0.5928856629 0.7746195136 -0.2201163327
62
-19.8737206905 17.0220946337 10.5596808837
-0.8321942502 0.4486854807 -0.3257822420
-0.3412931009 -0.8775478505 -0.3367919082
-0.4370031454 -0.1690890580 0.8834235345
63
-13.1647866278 1.0276447565 -7.0792570106
0.5545219943 0.7930625331 0.2521054861
0.3650341396 0.0404353864 -0.9301156145
-0.7478338283 0.6077966748 -0.2670725883
64
10.7697868069 19.0753606121 15.5906712248
0.3405955743 -0.9183986867 0.2013417666
-0.5713735236 -0.0321153089 0.8200615242
-0.7466772739 -0.3943506805 -0.5356870257
65
-17.0390128331 4.9352640608 12.9755950301
0.8208909346 0.5710749816 -0.0033821416
-0.4686704059 0.6770500418 0.5674075180
0.3263221170 -0.4641945780 0.8234301851
66
3.3871027471 -2.6194940973 21.5208524950
0.1735668609 0.9185460764 0.3551727051
-0.6616391255 0.3758918687 -0.6487980969
-0.7294574782 -0.1223863089 0.6729883944
67
9.7701369862 14.5534737168 -7.3494585582
-0.1580816469 -0.8430058768 -0.5141510329
0.9874165694 -0.1326784090 -0.0860520666
0.0043256568 -0.5212845015 0.8533719922
68
-7.3611322673 16.9575296163 19.2438375702
0.8950100141 0.4289018637 -0.1224755729
0.4171559964 -0.7076563714 0.5702660211
0.1579175397 -0.5614852191 -0.8122785233
69
20.6744006369 -0.7221086530 -21.5895995642
0.8035108656 0.5767112750 0.1475614923
0.4938497606 -0.5073761469 -0.7061741001
-0.3323893842 0.6402917700 -0.6924909721
70
-8.7973773046 -18.4643784706 -16.4699797604
-0.3519500348 0.9077150428 -0.2284394319
-0.3537794131 0.0969493919 0.9302907838
0.8665860026 0.4082330419 0.2870095532
71
-3.1764959528 -19.1062626523 9.2776848953
-0.9740372155 0.0561974132 0.2193019686
-0.2263672322 -0.2286637935 -0.9468213906
-0.0030624929 -0.9718820506 0.2354482976
72
6.0809107166 -22.1334087988 -13.2696393943
-0.9316727190 -0.0698139695 -0.3565276346
0.3106415201 0.3557811037 -0.8814315925
0.1883820336 -0.9319580548 -0.3097844307
73
18.3269669071 12.5713153757 -7.0918174595
0.3619276571 -0.8545349364 0.3725297486
0.7708382089 0.4990698573 0.3959011659
-0.5242297461 0.1438725827 0.8393353640
74
13.0202345080 -7.8698633389 7.8056286150
0.5697475962 0.6733032440 0.4712222599
-0.4531437498 0.7357287564 -0.5033526985
-0.6856007721 0.0732525682 0.7242828472
75
17.6519124121 17.4577988674 -2.5320432183
0.5614622576 0.6690569381 -0.4869527153
-0.3158493919 -0.3706379497 -0.8734223902
-0.7648524661 0.6441974260 0.0032220070
76
-4.5166763639 16.8423082140 -11.1614304229
0.0183547870 0.8856639493 0.4639638680
0.4859764583 0.3976357945 -0.7782754377
-0.8737791391 0.2397605973 -0.4231133090
77
5.3981106364 -0.5890188510 -14.8804912644
-0.1984382778 0.8607039426 0.4688400293
0.9794469128 0.1565058595 0.1272385988
0.0361385519 0.4844529277 -0.8740705726
78
19.9139403873 15.5627224271 -3.0032749813
-0.8130212965 0.2835887324 0.5085015264
0.1844373530 -0.7029427218 0.6869165835
0.5522492502 0.6522644869 0.5192030478
79
-20.8497433248 -9.8485492650 -0.0880532855
-0.1329259501 0.0580279911 -0.9894258153
-0.9887744126 -0.0764906692 0.1283524003
-0.0682338107 0.9953802941 0.0675441878
80
-7.9941523813 17.9618294554 18.4300079100
0.8801648487 0.4535513769 -0.1400035275
-0.4439144513 0.6820798424 -0.5811256737
-0.1680767656 0.5736359796 0.8016807118
81
-2.2403947814 4.6835708645 21.0476156576
-0.6857138074 -0.6090691287 -0.3985365366
0.0692392755 0.4904717599 -0.8687021212
0.7245705604 -0.6232754201 -0.2941517527
82
12.0716058059 -17.8602168290 -14.0789736252
-0.0847896652 -0.3759492621 0.9227528732
0.9362313996 -0.3469979309 -0.0553462045
0.3410007024 0.8592174278 0.3813973422
83
17.3247266092 -11.6856198664 22.1497431972
-0.3234371564 -0.1769479374 0.9295578698
0.1113022615 -0.9826548777 -0.1483280077
0.9396809099 0.0554871041 0.3375218049
84
1.4128668801 -5.7477347611 11.5356286830
0.9416148455 0.1557987684 0.2984765090
-0.1756304259 0.9836169958 0.0406393786
-0.2872550020 -0.0906881986 0.9535513696
85
6.1539210071 -15.0701026972 16.2144528678
-0.1154236292 0.1455796641 0.9825904270
-0.2142045051 -0.9695755623 0.1184890675
0.9699452644 -0.1967988579 0.1430957501
86
2.7810723077 -1.0688750289 -15.2977215468
-0.2567779045 0.8508915104 0.4583107517
0.9652552725 0.2020135105 0.1657492102
0.0484496321 0.4849476044 -0.8732001227
87
-7.6745306452 -2.1567153384 13.7536357138
0.6686581585 0.6584626078 0.3454319924
0.3955509202 0.0783856813 -0.9150929760
-0.6296314293 0.7485203264 -0.2080422651
88
6.3746818472 5.8479849213 -10.3005636213
-0.5083280196 0.7533031026 -0.4172973283
0.8611116699 0.4499512367 -0.2367077873
0.0094507384 -0.4796647999 -0.8774009136
89
14.3174420204 19.8665186083 4.0768710205
-0.7976013733 0.5070988380 -0.3266233578
0.5994926293 0.7262636337 -0.3363773504
0.0666381032 -0.4641033321 -0.8832708873
90
-18.0053883003 0.7500945783 3.9731948652
-0.7529551896 0.4332693867 0.4953141639
0.1747707464 0.8573041412 -0.4842363015
-0.6344396494 -0.2780418100 -0.7212344163
91
4.1352221320 -7.0765162313 -13.8558463334
-0.1685597128 0.9843187655 -0.0520018371
0.4345889561 0.0268618951 -0.9002282366
-0.8847146786 -0.1743416372 -0.4323018980
92
8.8715419724 22.9061657676 12.9331570503
0.7530080217 -0.6551507294 0.0612898107
0.6236021025 0.7402548161 0.2512831573
-0.2099984214 -0.1509977784 0.9659711869
93
10.0088216771 -20.8786992522 12.7683956385
0.8301387304 -0.5566276726 0.0321764267
-0.4277602998 -0.6728400683 -0.6035788006
0.3576182521 0.4872903413 -0.7966538200
94
-1.3702593985 19.1451543759 21.5428517408
0.8194452327 0.1586067161 -0.5507752901
-0.5143300486 0.6275477245 -0.5845070184
0.2529310413 0.7622517714 0.5958171912
95
18.9324568041 7.3463481547 -7.7851950857
-0.0282813158 0.9560451177 0.2918525315
0.3444719894 0.2834063941 -0.8949971308
-0.9383705109 0.0752233255 -0.3373458694
96
7.5979257572 2.4668841282 0.3492067236
0.2513784902 -0.4650627900 -0.8488377089
0.3797292765 0.8540737120 -0.3554768220
0.8902890156 -0.2329693024 0.3912937171
97
12.3162201122 -0.9249660261 -13.6373877033
-0.8923155040 0.0901423622 -0.4423204673
-0.2566137732 -0.9074281886 0.3327513393
-0.3713790687 0.4104247032 0.8328440132
98
13.9067001567 -14.9421480449 15.3131322419
0.3259976589 -0.4714050726 -0.8194527345
-0.8449348055 -0.5340884647 -0.0288909366
-0.4240409187 0.7018025145 -0.5724181425
99
-2.0443140538 20.0324557437 20.7091204365
0.8555561526 0.1117099000 -0.5055141620
-0.4481935574 0.6485527124 -0.6152250923
0.2591258475 0.7529278036 0.6049409210
100
22.8598284907 16.8587675792 -14.3044490173
0.4108285008 -0.7488760499 -0.5200044277
-0.8661272905 -0.1424855675 -0.4790838963
0.2846813298 0.6472113450 -0.7071591161
101
-20.2926036833 4.8170058858 -17.3269939377
0.2119347468 -0.9655453543 -0.1510159993
-0.3086818274 0.0804785592 -0.9477545731
0.9272535750 0.2474780202 -0.2809901013
102
-5.1750619267 -11.4489463137 22.8346792924
0.0559465289 0.9824981842 -0.1776718997
-0.5748403138 -0.1138013378 -0.8103134388
-0.8163507821 0.1474671948 0.5584127748
103
-16.6751867500 -13.1565656513 -9.1200910185
0.4895620184 -0.2703732267 -0.8289917661
-0.3805372342 0.7891541421 -0.4821069937
0.7845511096 0.5514835069 0.2834528148
104
-14.6168747171 1.6804909564 -15.1629435942
0.3082812003 -0.6728984641 0.6724361371
0.6862792323 -0.3321910549 -0.6470470757
0.6587742532 0.6609514052 0.3593879844
105
17.4728525335 -13.0377190733 21.9405378602
0.3259909365 0.1688266027 -0.9301760519
-0.0998553153 0.9845700476 0.1437036442
0.9400844778 0.0460369374 0.3378191455
106
0.6944470270 13.5749224325 -18.0438353703
-0.2410245220 -0.9697244229 0.0392647841
0.0003457764 -0.0405433101 -0.9991777222
0.9705189644 -0.2408127560 0.0101072397
107
22.3893275691 -19.4010031180 -8.6902482641
0.6455201874 0.5584995550 0.5209433124
0.2814360294 0.4601457763 -0.8420567830
-0.7099982035 0.6901768698 0.1398514906
108
-1.4980379888 14.4713335509 -21.1366412945
0.1565290116 -0.9602097465 -0.2312918317
-0.3472864253 -0.2727328384 0.8972229030
-0.9246030540 -0.0601169006 -0.3761584120
109
16.2720473704 -13.0842011563 7.0527499618
0.3145721294 -0.9013861156 0.2975692294
-0.4680141085 -0.4200121663 -0.7775297900
0.8258372538 0.1053226040 -0.5539855407
110
-17.2066453285 -15.7820910376 -7.7622890872
-0.3451981164 0.9076612793 0.2387242394
0.7475327778 0.1121069248 0.6546959473
0.5674795207 0.4044540017 -0.7172056568
111
-2.1999828204 18.6792321908 -20.1577736022
0.8399494603 -0.4101943804 -0.3552822461
-0.3908310698 -0.0030624467 -0.9204573300
0.3764783913 0.9119929778 -0.1628890089
112
-8.9621096354 20.2273956185 -2.1431716879
-0.4010580889 0.8342505149 -0.3783893336
0.7372311740 0.5391233892 0.4072298703
0.5437302689 -0.1156375790 -0.8312552827
113
-11.5069734381 12.2832719476 16.5870403784
-0.8335313083 0.1858553004 -0.5202723955
0.5131139073 -0.0886487075 -0.8537303584
-0.2047917875 -0.9785699842 -0.0214734662
114
12.4128252895 -5.0847476223 -9.0217305156
0.5755101038 -0.8146034491 0.0721757652
-0.5557684504 -0.3248430708 0.7652440191
-0.5999246203 -0.4805186782 -0.6396813661
115
19.9464213898 20.1760321057 -10.3251790045
0.5757544739 0.4761526801 0.6646693998
-0.3604113294 -0.5818874976 0.7290477445
0.7339008512 -0.6593068826 -0.1634135096
116
-16.5620546963 22.6746819099 -0.1945830254
0.1568740139 -0.9737147191 -0.1651368815
0.8374536336 0.2197808675 -0.5003676467
0.5235092697 -0.0597998003 0.8499188363
117
-20.9918407769 -18.7532912335 -19.1392184465
0.0516645972 0.9986587423 0.0033890711
0.7167246041 -0.0347153904 -0.6964916965
-0.6954398688 0.0384129937 -0.7175568484
118
4.4954178561 -17.2619982318 -18.7484183637
-0.5853464657 -0.0923475365 -0.8055069507
-0.2342156157 0.9703958428 0.0589487370
0.7762168257 0.2231677412 -0.5896470121
119
-17.1908385443 -13.4656397739 14.1666963388
-0.7855331493 -0.4359397523 -0.4391972266
-0.5561395849 0.1860837817 0.8099886347
-0.2713787640 0.8805278863 -0.3886183319
120
14.7015758962 -2.6696114599 -21.4239627879
0.3228610415 0.2516780308 -0.9123699450
-0.9437668849 0.0131247055 -0.3303510389
-0.0711675122 0.9677220215 0.2417628472
121
12.3602305465 8.9793875825 14.5839788637
0.9943745488 -0.1045300679 -0.0171091029
-0.0947112268 -0.9497831615 0.2982310006
-0.0474240446 -0.2949328927 -0.9543403737
122
4.2910655571 -20.2778083905 4.0843282610
0.0171192432 0.7619800674 0.6473741640
-0.9579233910 -0.1730361832 0.2290005598
0.2865130164 -0.6240551707 0.7269562816
123
-8.5240978880 0.5036786116 9.3422721784
-0.6960670559 -0.4252482365 0.5784933803
0.4732433550 -0.8776692792 -0.0757453858
0.5399364598 0.2210442805 0.8121625733
124
3.3887644189 1.6620598946 -0.4391956194
0.4503272153 -0.8632991758 -0.2278594571
0.2398368338 -0.1288620806 0.9622228730
-0.8600486569 -0.4879642377 0.1490208390
125
-17.6591704807 -0.3600731585 15.3424514485
-0.5746041487 0.7531518953 -0.3203003197
-0.3389973666 0.1371889357 0.9307308855
0.7449233904 0.6433827931 0.1764871776
126
3.9828936810 -1.2356348887 -2.7193772297
-0.1897878672 0.0423028002 -0.9809133695
-0.7580189301 0.6286573531 0.1737735133
0.6240095087 0.7765310075 -0.0872452150
127
0.3190692288 18.4826759673 23.0157790824
-0.2953062595 0.4802798673 0.8259088704
0.7750171038 0.6259389845 -0.0868842714
-0.5586973259 0.6144360316 -0.5570688118
128
20.1076040919 -22.7805359658 -22.1681384892
-0.5885815693 0.7110966343 -0.3845949986
-0.6657900923 -0.1565111509 0.7295394525
0.4585796434 0.6854530154 0.5655606726
129
-9.6005145770 -9.5976489168 -10.9378413751
0.6420393881 -0.7374629610 -0.2096039247
0.5854307447 0.2950555362 0.7551245418
-0.4950315822 -0.6075282805 0.6211707663
130
22.2865548467 -18.0695113009 -18.6919959802
-0.9822253260 0.1873329466 0.0118226995
0.0822808459 0.4863154423 -0.8699006570
-0.1687106146 -0.8534656746 -0.4930852571
131
-5.4017892741 -1.6406165568 19.5762309666
-0.4494402370 0.3834962666 -0.8068048629
0.4785054357 -0.6593135098 -0.5799467595
-0.7543447630 -0.6467119215 0.1128169720
132
5.3362093026 -4.1549861615 -6.1629056856
0.7699363676 0.2966063350 -0.5649979396
0.2638457579 0.6582074929 0.7050874501
0.5810192820 -0.6919447798 0.4285195630
133
21.0957834438 22.1051926981 19.3322970480
0.7338418455 -0.2536917452 -0.6301719164
-0.3476903784 0.6566713901 -0.6692488971
0.5835987890 0.7102275577 0.3936867659
134
2.6359055411 4.0887118470 14.3644264639
0.1920066510 0.0385562533 0.9806359474
0.9619572482 -0.2052752472 -0.1802784669
0.1943494243 0.9779445221 -0.0765036801
135
-9.1307222665 -21.2328716032 10.1806260163
-0.6993329595 0.5118353923 -0.4989568546
-0.5964123228 -0.8025788361 0.0126314356
-0.3939869958 0.3064175959 0.8665347680
136
-3.2892200626 -9.6132118861 -10.6384574686
0.3214192394 -0.1583214032 -0.9336080580
-0.1227782139 -0.9845694323 0.1246937974
-0.9389436527 0.0745477443 -0.3358979771
137
9.0064251604 -20.3098218983 20.1937762524
-0.6940737087 -0.0050288585 -0.7198863782
-0.1118656521 0.9885825427 0.1009486616
0.7111594496 0.1505963711 -0.6867117082
138
-12.4513153528 -6.5713162982 -19.6222317299
-0.8229194085 -0.5518439702 0.1351735172
-0.5574532057 0.7382640131 -0.3797527753
0.1097705360 -0.3878588397 -0.9151589753
139
16.4449727852 -4.3375405479 6.0366854969
-0.4779163561 -0.2566535561 -0.8400743471
-0.8777873408 0.1754082497 0.4457817069
0.0329445105 0.9504529963 -0.3091177141
140
21.9967946017 13.2012632859 22.1396542181
0.6682739037 -0.5037638683 0.5473864764
0.4130810889 0.8632402006 0.2901385359
-0.6186873229 0.0322229897 0.7849762260
141
12.2931313814 -22.4760226407 6.7108558434
0.8221348348 -0.1447416231 -0.5505853031
0.3224177019 -0.6787019476 0.6598564176
-0.4691920065 -0.7200093949 -0.5113172521
142
-8.2955897092 -20.1118079852 10.1241289259
0.7135300613 -0.4949482781 0.4958841131
-0.5937874556 -0.8028713612 0.0530474783
0.3718753949 -0.3323007363 -0.8667669302
143
-7.7271665341 -23.0115962680 -3.5137974020
-0.4167562887 -0.5792859969 0.7005297494
-0.3595126550 0.8128495113 0.4582862895
-0.8349040944 -0.0608556169 -0.5470207921
144
-17.9829699448 1.9769022908 -17.0174002970
0.2870067979 -0.8258232096 -0.4854308646
0.8716822344 0.0150086371 0.4898416304
-0.3972369318 -0.5637293386 0.7241630016
145
15.3780164405 18.8142055784 -7.0082659144
0.5932591618 -0.6231280234 0.5096616851
0.0961670844 0.6834358054 0.7236486660
-0.7992468072 -0.3802985229 0.4653789581
146
-9.8521181550 -3.3880791282 18.4129488561
-0.0472067607 0.9929453770 0.1087704002
0.6719604324 0.1121373250 -0.7320480843
-0.7390809827 0.0385317864 -0.6725136448
147
18.4214691124 -21.9993172523 21.1692988517
-0.6345443635 0.7713858326 -0.0481388418
-0.7015977823 -0.5487702779 0.4545456347
0.3242128973 0.3222034749 0.8894216761
148
17.3469391900 0.0642639355 -13.2189081052
-0.2476491767 0.4027276028 0.8811812318
0.1908504906 -0.8714137518 0.4519006123
0.9498662934 0.2800866849 0.1389441377
149
-14.4023081982 -6.7305891642 10.6402729747
0.8982038509 0.0091625010 0.4394836639
0.3213746914 -0.6958136529 -0.6423096357
0.2999135709 0.7181639151 -0.6279270984
150
-22.1642169784 18.9510713622 -22.3257958311
0.4772635560 -0.6680833603 -0.5708626119
0.3685661274 -0.4375416061 0.8201928753
-0.7977333563 -0.6018487905 0.0374102341
151
14.5842594013 12.4719311140 -13.6138115837
0.4567570716 0.4181189782 -0.7852066593
0.7572542860 -0.6459467908 0.0965333611
-0.4668392914 -0.6386934034 -0.6116631528
152
12.6593086909 0.3408974652 -14.0881268690
-0.8889066769 0.0916439447 -0.4488277033
0.2505313908 0.9175268935 -0.3088339715
0.3835087249 -0.3869700081 -0.8385554667
153
21.2102744939 12.7051873317 8.3744115100
0.5349464642 0.2030299359 -0.8201287251
-0.4636566412 0.8820165633 -0.0840791359
0.7062965380 0.4252359665 0.5659678199
154
-17.7226669218 22.4103023243 0.4997781287
0.0986459573 -0.9861583136 -0.1332694849
0.8461090533 0.1536115469 -0.5103949084
0.5238019138 -0.0624121235 0.8495506353
155
12.5337328253 5.6404374258 -16.8113870962
-0.5919646962 0.8026906048 0.0725643937
0.6504150424 0.5289464935 -0.5451384040
-0.4759601568 -0.2755057165 -0.8351996942
156
-10.2542237552 22.5729941552 6.3465748846
0.9317841402 -0.3080331022 0.1920779109
0.1598962124 -0.1267654024 -0.9789605375
0.3259010849 0.9428924333 -0.0688646652
157
-23.1224000877 -15.3921891932 -3.9322161150
-0.3555569305 -0.9134053609 -0.1981663843
0.6913087485 -0.1143150181 -0.7134593828
0.6290242313 -0.3906695834 0.6720906137
158
-16.9747843192 4.6878413477 9.0268081954
-0.8470610910 -0.3990017323 0.3511198167
0.4125278461 -0.0770190076 0.9076832315
-0.3351242819 0.9137098501 0.2298391298
159
-3.8078950585 -5.0414135241 3.9017281189
-0.5669868757 -0.5938303001 -0.5708690371
-0.7127414778 0.0062443376 0.7013990263
-0.4129472953 0.8045660837 -0.4267879431
160
-18.3964144893 2.8512060038 -13.6303528741
0.6714084173 -0.2825578138 -0.6851071589
-0.7042765482 -0.5310132235 -0.4711894524
-0.2306626994 0.7988654694 -0.5555255897
161
-22.3017258123 16.8609842822 -22.5399448778
-0.1944603972 0.1748012332 -0.9652096574
0.7498909999 0.6608155518 -0.0314053305
0.6323358618 -0.7299091282 -0.2595843262
162
18.1294281473 -10.7369184560 -19.0912615704
0.2226884280 -0.7886803645 0.5730559716
-0.8802046197 -0.4153591404 -0.2296009843
0.4191058238 -0.4532770313 -0.7866957743
163
-3.0989634622 -20.3380104610 1.3324469182
0.1625250065 -0.7912012288 0.5895644476
0.4917232637 0.5829721480 0.6468011339
-0.8554495042 0.1847811959 0.4837996025
164
0.4386173096 3.5989212194 -12.6556516560
-0.7051344919 -0.6360983576 0.3133117104
0.7082823781 -0.6527267112 0.2688566781
0.0334876310 0.4114932803 0.9107973752
165
-12.0111447885 -7.3312647798 19.2156167368
0.3103829728 0.9046235755 -0.2920934726
0.5300713820 0.0903646245 0.8431242878
0.7891050248 -0.4165218136 -0.4514674281
166
20.4001934598 -21.9325587265 -1.6208491498
-0.0618427761 0.6558131322 0.7523859425
-0.9235099841 0.2483149593 -0.2923508000
-0.3785561786 -0.7129157150 0.5902934889
167
-8.3091060523 3.6406451474 22.4057879272
-0.8542577178 0.5175432506 -0.0489155957
0.2577153468 0.5033378218 0.8247628975
0.4514715403 0.6919537708 -0.5633590572
168
-14.5175615232 -16.2395500970 5.8717672654
0.5581165948 -0.5827506132 -0.5906840012
-0.8297499860 -0.3880497223 -0.4011637742
0.0045636729 0.7140162015 -0.7001143028
169
-11.1605855982 13.2664010973 -17.3813373517
0.0228515256 -0.7586320860 0.6511183962
0.9000004619 0.2991835715 0.3169989891
-0.4352895316 0.5787629469 0.6896060289
170
17.3957778825 22.6640797644 -2.8182759068
0.4198126220 -0.8139084068 -0.4016347444
0.7866812896 0.5470049939 -0.2862133565
0.4526476679 -0.1958025589 0.8699261157
171
1.2619356998 -7.0611627821 19.8350450264
0.5785951223 0.3614861207 0.7311330036
0.0925832639 -0.9197344107 0.3814668438
0.8103431518 -0.1530241753 -0.5656214089
172
20.7996833427 -16.5230101567 -8.0834637214
0.0051333883 0.7213990646 0.6925005689
-0.4910119278 0.6050976411 -0.6267089688
-0.8711377245 -0.3368088988 0.3573217466
173
10.1262501988 12.2586703554 1.8228705648
0.0554792233 0.8692559894 -0.4912393313
-0.4034871821 -0.4305164330 -0.8073745690
-0.9133017845 0.2430012875 0.3268489323
174
16.5498226215 2.8352444751 -22.2557918608
-0.1715556269 -0.7384726209 0.6520942073
-0.4304027959 0.6515796754 0.6246577942
-0.8861840104 -0.1734996105 -0.4296228403
175
-11.6177963863 -16.5486260969 -3.7892738300
-0.4536272846 -0.5646435997 0.6894924888
-0.4475260673 0.8133795557 0.3716639844
-0.7706767842 -0.1399689379 -0.6216638888
176
-8.7959292180 -9.1800264548 -9.8954597618
0.6564774333 -0.7298406019 -0.1907094004
0.5677867122 0.3116235102 0.7619114366
-0.4966443688 -0.6084599277 0.6189675980
177
-18.2581369338 4.5105486501 -22.2907312572
0.0878727137 0.9767881688 0.1953541896
-0.8276097535 0.1807328362 -0.5314110817
-0.5543829742 -0.1149804990 0.8242809004
178
1.1537743500 -4.3314432428 11.6164993445
0.9440101623 0.1502238461 0.2937305047
0.1788605493 -0.9811599348 -0.0730348289
0.2772250300 0.1214824202 -0.9530940689
179
17.9700224916 -15.6092145295 -21.5951593349
0.2525827155 0.1823644106 -0.9502342836
-0.3258857808 0.9407327328 0.0939168965
0.9110435938 0.2859460567 0.2970427965
180
-3.8403274100 17.4461039039 -12.3308204370
-0.0244145670 -0.8866320707 -0.4618305965
0.4450146773 0.4040340369 -0.7991986199
0.8951904076 -0.2250334822 0.3846999688
181
0.7552081100 -9.1485251600 -5.4124887274
0.9838583047 -0.0400912044 -0.1744004918
-0.0101338858 -0.9854991265 0.1693776141
-0.1786620848 -0.1648762176 -0.9699977795
182
19.8201112247 12.8045796019 23.2041124223
-0.4304322956 -0.8694546407 0.2424389959
-0.8910704126 0.4521440766 0.0394873868
-0.1439498476 -0.1990335695 -0.9693627183
183
14.0608085292 11.4333941383 -3.0036326127
0.4855184618 -0.1398586698 -0.8629666134
0.7351276924 0.5995510273 0.3164266764
0.4731375055 -0.7880216483 0.3939070737
184
13.0428267163 -22.4250438802 -18.3842301597
-0.7125499449 -0.5876899545 -0.3832663480
-0.5963641369 0.7950823030 -0.1104262086
0.3696246642 0.1498821160 -0.9170130636
185
15.8753225134 -11.4752493083 -13.6151348245
-0.4094709568 0.6606711594 0.6291638535
-0.8487255461 -0.5288253870 0.0029423497
0.3346617440 -0.5327826284 0.7772671278
186
-7.2893763300 3.2814519576 20.2804000596
0.6902435868 -0.6969431775 0.1945096351
-0.3031119165 -0.5225984714 -0.7968776591
0.6570288858 0.4910815055 -0.5719720256
187
-16.3769120484 -13.7411517118 13.0370706423
0.7706567001 0.4341056046 0.4665196400
0.5895461846 -0.2077671424 -0.7805562828
-0.2419164046 0.8765758031 -0.4160424434
188
0.5670097313 -8.6972244560 -13.0572962272
0.0317235217 -0.7331689481 -0.6793061987
0.5486759191 -0.5553122055 0.6249664712
-0.8354330338 -0.3925450904 0.3846556877
189
7.5044231475 4.4896031572 9.2954659853
-0.7024407338 0.0314525554 0.7110469410
0.5740476020 -0.5655677066 0.5921169816
0.4207687799 0.8241018784 0.3792225308
190
4.3270762475 15.1527817430 -16.7244499238
0.0896105199 -0.8714328989 0.4822599479
0.8309361729 0.3323671506 0.4461806293
-0.5491038440 0.3607447574 0.7538887110
191
12.7290194700 14.7891881685 12.4969310098
0.5349873505 -0.7961178386 -0.2828160566
0.6716322464 0.6038368456 -0.4292914970
0.5125413743 0.0397171371 0.8577434865
192
14.3239801034 12.3598099709 -18.4716941499
-0.0412543733 -0.6418664467 -0.7657059104
-0.9991059644 0.0194152536 0.0375542230
-0.0092384212 0.7665706181 -0.6420935594
193
-21.2063390986 10.2771141079 10.8197962230
-0.4430065399 -0.2607497270 0.8577614969
-0.8777399799 -0.0686502964 -0.4741936994
0.1825314586 -0.9629624691 -0.1984579299
194
-22.0075424291 -10.0307197133 -14.1662924616
0.8118905092 -0.5299658557 -0.2448877147
0.5580190609 0.8277505570 0.0586834143
0.1716057363 -0.1842965197 0.9677738703
195
1.8878261387 15.4804809729 -19.3500037253
-0.7635510367 -0.6438603191 0.0493325854
-0.1398455888 0.0902912392 -0.9860480229
0.6304228944 -0.7597969344 -0.1589829946
196
23.1238321607 2.1123179934 -8.3764286521
0.4114007922 0.8655703242 -0.2855475476
0.2081633918 0.2157796384 0.9539953615
0.8873654209 -0.4519149937 -0.0914081404
197
-8.6417368037 6.6926620675 -2.2948176463
0.8970951490 -0.4115875765 -0.1606734592
0.0601749444 -0.2464471485 0.9672862963
-0.4377205384 -0.8774163606 -0.1963192819
198
3.2858612243 -4.2411662000 9.3814409105
-0.8530312992 -0.1720898470 -0.4926689427
-0.4496830764 -0.2366532692 0.8612667189
-0.2648069737 0.9562323539 0.1244867538
199
14.2160067306 16.7720804836 20.5787716298
0.7248810069 -0.6738426325 -0.1431210411
0.5400308107 0.4268707417 0.7253606643
-0.4276847547 -0.6030899406 0.6733262762
200
-17.9619186142 -0.3564416992 10.1078404743
0.8676903059 0.0549067781 -0.4940635371
0.0357992583 -0.9982026387 -0.0480614732
-0.4958144272 0.0240153663 -0.8680963749
201
-14.3113531643 -4.2791220074 21.9999854352
0.5037636754 -0.3326612354 -0.7972193312
-0.2274436389 0.8392358222 -0.4939156058
0.8333615964 0.4301392066 0.3471148404
202
17.9275394442 9.2457682232 3.6447833303
-0.8696606913 0.4403226615 0.2231731073
0.1739175136 -0.1498101102 0.9732983250
0.4619988968 0.8852530060 0.0537041416
203
7.1707952371 -22.3114369159 -20.2678343040
-0.8790193046 0.3103892366 0.3619165426
-0.2566610799 0.3316583302 -0.9078148722
-0.4018086013 -0.8908766884 -0.2118692381
204
-15.7517133562 1.7806339347 3.4229097302
0.1759643085 0.0089560791 -0.9843558050
-0.8241555854 0.5481853109 -0.1423391581
0.5383345922 0.8363089462 0.1038422517
205
6.5449040767 -12.5502223365 -10.7730213043
-0.5643018263 0.6960740536 0.4438967906
-0.4001337675 -0.7009140069 0.5904341817
0.7221193925 0.1555649918 0.6740497877
206
-13.2318296978 5.2244553023 9.5971338664
0.4043876507 -0.3533003459 -0.8435932038
-0.8313768657 -0.5264061169 -0.1780705127
-0.3811602489 0.7733533899 -0.5065978671
207
19.2049627944 -21.5929973305 -2.0028921265
0.0393405987 -0.6517782141 -0.7573885905
0.9147620486 -0.2815054679 0.2897672616
-0.4020730179 -0.7042299562 0.5851473807
208
9.8277694524 -16.6174563177 -10.7013143369
0.5958006825 0.0075866834 0.8030965004
0.6896409214 -0.5173069497 -0.5067434454
0.4116028988 0.8557663012 -0.3134439210
209
9.5666630207 1.9037507568 12.8016640481
-0.7457898455 -0.6532240387 -0.1307511441
0.5606187922 -0.7214291177 0.4065053481
-0.3598667477 0.2298660122 0.9042441818
210
21.6632567477 16.7067409689 -14.9926406422
-0.3877755758 0.7508941278 0.5345915372
-0.8554552564 -0.0771947682 -0.5120910780
-0.3432585135 -0.6558955531 0.6722905743
211
19.3546471063 -21.2287426140 20.5408664404
0.6589866883 -0.7520630073 0.0117378799
0.6710559118 0.5808131096 -0.4608037488
0.3397359385 0.3115403100 0.8874244347
212
6.8023245123 -4.6443277031 -16.9398358455
-0.4964647405 0.0240187162 -0.8677245316
0.8521631855 0.2038955539 -0.4819175327
0.1653501335 -0.9786979638 -0.1216948190
213
8.4813213060 -20.6348130114 -11.2272060921
0.1226686352 0.9674030290 0.2215486071
0.8114555993 0.0307591687 -0.5836040473
-0.5713949741 0.2513667698 -0.7812314194
214
-8.1491537081 13.9489184944 -3.5075940393
0.5308476600 -0.5109260678 -0.6761326165
-0.6205325583 0.3090346520 -0.7207197291
0.5771829051 0.8021546840 -0.1529959381
215
-15.5261293582 18.2136583316 8.2309487407
-0.5523100160 -0.4991784651 0.6676634679
0.8329227421 -0.2972478368 0.4667798511
-0.0345449281 0.8139192733 0.5799500534
216
15.1512291646 20.8981947285 3.6324519773
0.7998749741 -0.5077235779 0.3200262397
0.5943385463 0.7442310066 -0.3047653218
-0.0834369110 0.4339780839 0.8970514503
217
0.9311168729 18.2544227549 -7.1565955999
0.0985259127 0.8688432535 -0.4851845478
0.9624357310 0.0407604908 0.2684325725
0.2530021899 -0.4934065092 -0.8321898273
218
-13.6499980596 -2.0164912144 13.6564923055
-0.7926832302 -0.2585033315 -0.5521135067
-0.0223378147 -0.8927237566 0.4500503489
-0.6092243583 0.3690803734 0.7018727515
219
15.4755404025 9.7204094064 -21.7943706314
0.1905029882 0.9255488050 0.3272125012
-0.6741282453 0.3656385055 -0.6417628784
-0.7136243552 -0.0983254432 0.6935938199
220
10.0491260187 -3.7921325997 -8.6357804921
0.3728368234 0.7437748194 -0.5547897991
0.7788807064 -0.5758234295 -0.2485401844
-0.5043188955 -0.3394501378 -0.7940000351
221
-7.1592338228 21.4265876822 -15.5221040503
-0.8524727608 -0.5064429632 0.1296368666
-0.0539212830 -0.1614753890 -0.9854025543
0.5199833529 -0.8470190221 0.1103453163
222
-8.0299347232 1.7763012786 12.6598063819
0.2735172371 0.8501098541 0.4500017300
-0.8850000180 0.4056813655 -0.2284679364
-0.3767801603 -0.3357616203 0.8633080824
223
-15.6472357048 -1.4220676717 -10.3832448866
-0.2212700602 0.2548148203 0.9413336113
0.4748355339 -0.8149603512 0.3322210732
0.8518044236 0.5204892248 0.0593311947
224
22.1639912970 10.6331179156 -17.5343149609
0.9790650858 0.0496138881 0.1974082567
-0.0531956411 -0.8737656842 0.4834291601
0.1964733607 -0.4838098709 -0.8528342321
225
9.9694789627 -5.2684366577 -10.6755851216
-0.4066029510 0.1657910882 0.8984360607
0.4950241865 0.8665091451 0.0641323333
-0.7678704937 0.4708239761 -0.4343957741
226
14.0573470450 0.6916850847 10.4081762615
-0.3861738859 0.7400814161 0.5505898902
-0.4642935888 0.3598163313 -0.8092982586
-0.7970578355 -0.5681652094 0.2046633859
227
10.3435803197 -11.8896930912 -20.6413564746
-0.6046358090 0.3421756739 -0.7192574968
0.7617611520 -0.0153650887 -0.6476757378
-0.2326703373 -0.9395103630 -0.2513658527
228
-22.7740560643 -11.1571043528 -14.1436729379
0.8126479509 -0.5408044649 -0.2171032904
0.5343110578 0.8401711644 -0.0928660763
0.2326263130 -0.0405332622 0.9717211808
229
-21.2270865293 -12.8450926251 6.5567297137
0.9848982233 -0.0367648346 -0.1691858047
-0.0813071529 -0.9609514193 -0.2645023944
-0.1528549523 0.2742639544 -0.9494285896
230
-7.3562102415 6.7586042976 -5.6421874077
0.3342767933 -0.7505467072 0.5700339162
0.6386796074 -0.2643771813 -0.7226292722
0.6930709808 0.6056272337 0.3909837200
231
7.9584325163 21.8396927812 12.5494991772
-0.7302517189 0.6799763453 -0.0660650957
0.6413375973 0.7156373485 0.2766753907
0.2354113708 0.1596726499 -0.9586897993
232
-7.2067141103 13.2793274854 0.7860740431
-0.4325213112 -0.7681357603 0.4721152076
-0.8386972325 0.5349569199 0.1020198308
-0.3309263776 -0.3518359670 -0.8756136049
233
-20.9946916499 22.3884887919 -8.8191248722
-0.9599447915 0.2618207488 0.0997792204
-0.2557587953 -0.6733670498 -0.6936600428
-0.1144265526 -0.6913947583 0.7133581515
234
16.7798764500 -8.1874420896 21.0207832774
0.8975084783 0.0191557553 -0.4405809668
0.1654786554 -0.9406826333 0.2961975657
-0.4087729760 -0.3387465724 -0.8474405075
235
3.2598461079 8.7409730730 18.0272190645
0.6739250979 -0.4581560491 -0.5795843312
0.1920055853 0.8661521748 -0.4614263378
0.7134134969 0.1996833611 0.6716902096
236
10.3886182383 0.8933859997 13.3991617478
-0.7292785231 -0.6750096563 -0.1118695652
0.5781351322 -0.6953631619 0.4268838744
-0.3659407119 0.2466415156 0.8973602165
237
16.3831479221 -5.0506919143 16.1417745913
-0.1402218769 -0.2149267534 -0.9665114152
-0.8528051139 -0.4697402081 0.2281832041
-0.5030519486 0.8562421547 -0.1174227808
238
-6.6371704754 15.7167402174 7.6413179977
-0.1838084012 -0.1995743566 -0.9624887261
0.9098001860 -0.4052331298 -0.0897202991
